768
schwarz p surface w defect (in angstroms)
C	5.337586	5.314732	12.038624
C	9.165478	2.464469	9.188385
C	2.962167	6.661830	13.254787
C	6.667463	2.928707	13.281941
C	6.154965	6.127835	9.611893
C	7.835617	1.221158	11.574425
C	11.540886	1.248300	7.841267
C	8.348076	4.891189	8.375235
C	6.344703	4.509316	11.440492
C	4.553655	6.330201	11.407249
C	5.130335	5.112267	13.271786
C	9.949384	3.095835	8.172879
C	8.158360	3.062583	9.993774
C	9.372731	1.231313	9.390867
C	1.552107	7.055819	13.874434
C	4.026863	5.932019	13.883423
C	3.281709	6.857546	12.011775
C	5.943617	4.006570	13.891433
C	7.057699	1.526997	13.893578
C	6.861299	3.228987	12.064163
C	4.980799	6.724190	10.189692
C	7.251511	4.340763	10.162284
C	6.671561	6.655180	8.427877
C	7.445364	0.609504	12.976097
C	8.559442	0.611654	10.496553
C	7.641788	2.438931	11.274128
C	10.476172	0.619659	8.571081
C	7.251511	4.943813	9.559251
C	-5.337586	-5.314732	12.038624
C	-5.337586	5.314732	-12.038624
C	-5.337586	5.314732	12.038624
C	-5.314732	-12.038624	-5.337586
C	-5.314732	-12.038624	5.337586
C	-5.314732	12.038624	-5.337586
C	-5.314732	12.038624	5.337586
C	-12.038624	-5.337586	-5.314732
C	-12.038624	-5.337586	5.314732
C	-12.038624	5.337586	-5.314732
C	-12.038624	5.337586	5.314732
C	12.038624	-5.337586	-5.314732
C	12.038624	-5.337586	5.314732
C	12.038624	5.337586	-5.314732
C	12.038624	5.337586	5.314732
C	5.314732	-12.038624	-5.337586
C	5.314732	-12.038624	5.337586
C	5.314732	12.038624	-5.337586
C	5.314732	12.038624	5.337586
C	5.337586	-5.314732	-12.038624
C	5.337586	-5.314732	12.038624
C	5.337586	5.314732	-12.038624
C	-5.337586	-5.314732	-12.038624
C	-9.165478	-2.464469	9.188385
C	-9.165478	2.464469	-9.188385
C	-9.165478	2.464469	9.188385
C	-2.464469	-9.188385	-9.165478
C	-2.464469	-9.188385	9.165478
C	-2.464469	9.188385	-9.165478
C	-2.464469	9.188385	9.165478
C	-9.188385	-9.165478	-2.464469
C	-9.188385	-9.165478	2.464469
C	-9.188385	9.165478	-2.464469
C	-9.188385	9.165478	2.464469
C	9.188385	-9.165478	-2.464469
C	9.188385	-9.165478	2.464469
C	9.188385	9.165478	-2.464469
C	9.188385	9.165478	2.464469
C	2.464469	-9.188385	-9.165478
C	2.464469	-9.188385	9.165478
C	2.464469	9.188385	-9.165478
C	2.464469	9.188385	9.165478
C	9.165478	-2.464469	-9.188385
C	9.165478	-2.464469	9.188385
C	9.165478	2.464469	-9.188385
C	-9.165478	-2.464469	-9.188385
C	-2.962170	-6.661830	13.254785
C	-2.962170	6.661830	-13.254785
C	-2.962170	6.661830	13.254785
C	-6.661830	-13.254785	-2.962170
C	-6.661830	-13.254785	2.962170
C	-6.661830	13.254785	-2.962170
C	-6.661830	13.254785	2.962170
C	-13.254785	-2.962170	-6.661830
C	-13.254785	-2.962170	6.661830
C	-13.254785	2.962170	-6.661830
C	-13.254785	2.962170	6.661830
C	13.254785	-2.962170	-6.661830
C	13.254785	-2.962170	6.661830
C	13.254785	2.962170	-6.661830
C	13.254782	2.962172	6.661830
C	6.661830	-13.254785	-2.962170
C	6.661830	-13.254785	2.962170
C	6.661830	13.254785	-2.962170
C	6.661830	13.254785	2.962170
C	2.962170	-6.661830	-13.254785
C	2.962170	-6.661830	13.254785
C	2.962170	6.661830	-13.254785
C	-2.962170	-6.661830	-13.254785
C	-6.667463	-2.928707	13.281941
C	-6.667463	2.928707	-13.281941
C	-6.667463	2.928707	13.281941
C	-2.928707	-13.281941	-6.667463
C	-2.928707	-13.281941	6.667463
C	-2.928707	13.281941	-6.667463
C	-2.928707	13.281941	6.667463
C	-13.281941	-6.667463	-2.928707
C	-13.281941	-6.667463	2.928707
C	-13.281941	6.667463	-2.928707
C	-13.281941	6.667463	2.928707
C	13.281941	-6.667463	-2.928707
C	13.281941	-6.667463	2.928707
C	13.281941	6.667463	-2.928707
C	13.281941	6.667463	2.928707
C	2.928707	-13.281941	-6.667463
C	2.928707	-13.281941	6.667463
C	2.928707	13.281941	-6.667463
C	2.928707	13.281941	6.667463
C	6.667463	-2.928707	-13.281941
C	6.667463	-2.928707	13.281941
C	6.667463	2.928707	-13.281941
C	-6.667463	-2.928707	-13.281941
C	-6.154967	-6.127835	9.611890
C	-6.154967	6.127835	-9.611890
C	-6.154967	6.127835	9.611890
C	-6.127835	-9.611890	-6.154967
C	-6.127835	-9.611890	6.154967
C	-6.127835	9.611890	-6.154967
C	-6.127835	9.611890	6.154967
C	-9.611890	-6.154967	-6.127835
C	-9.611890	-6.154967	6.127835
C	-9.611890	6.154967	-6.127835
C	-9.611890	6.154967	6.127835
C	9.611890	-6.154967	-6.127835
C	9.611890	-6.154967	6.127835
C	9.611890	6.154967	-6.127835
C	9.611888	6.154970	6.127835
C	6.127835	-9.611890	-6.154967
C	6.127835	-9.611890	6.154967
C	6.127835	9.611890	-6.154967
C	6.127835	9.611890	6.154967
C	6.154967	-6.127835	-9.611890
C	6.154967	-6.127835	9.611890
C	6.154967	6.127835	-9.611890
C	-6.154967	-6.127835	-9.611890
C	-7.835617	-1.221158	11.574425
C	-7.835617	1.221158	-11.574425
C	-7.835617	1.221158	11.574425
C	-1.221158	-11.574425	-7.835617
C	-1.221158	-11.574425	7.835617
C	-1.221158	11.574425	-7.835617
C	-1.221158	11.574425	7.835617
C	-11.574425	-7.835617	-1.221158
C	-11.574425	-7.835617	1.221158
C	-11.574425	7.835617	-1.221158
C	-11.574425	7.835617	1.221158
C	11.574425	-7.835617	-1.221158
C	11.574425	-7.835617	1.221158
C	11.574425	7.835617	-1.221158
C	11.574425	7.835617	1.221158
C	1.221158	-11.574425	-7.835617
C	1.221158	-11.574425	7.835617
C	1.221158	11.574425	-7.835617
C	1.221158	11.574425	7.835617
C	7.835617	-1.221158	-11.574425
C	7.835617	-1.221158	11.574425
C	7.835617	1.221158	-11.574425
C	-7.835617	-1.221158	-11.574425
C	-11.540888	-1.248297	7.841267
C	-11.540888	1.248297	-7.841267
C	-11.540888	1.248297	7.841267
C	-1.248297	-7.841267	-11.540888
C	-1.248297	-7.841267	11.540888
C	-1.248297	7.841267	-11.540888
C	-1.248297	7.841267	11.540888
C	-7.841267	-11.540888	-1.248297
C	-7.841267	-11.540888	1.248297
C	-7.841267	11.540888	-1.248297
C	-7.841267	11.540888	1.248297
C	7.841267	-11.540888	-1.248297
C	7.841267	-11.540888	1.248297
C	7.841267	11.540888	-1.248297
C	7.841267	11.540888	1.248297
C	1.248297	-7.841267	-11.540888
C	1.248297	-7.841267	11.540888
C	1.248297	7.841267	-11.540888
C	1.248295	7.841267	11.540890
C	11.540888	-1.248297	-7.841267
C	11.540888	-1.248297	7.841267
C	11.540888	1.248297	-7.841267
C	-11.540888	-1.248297	-7.841267
C	-8.348078	-4.891186	8.375235
C	-8.348078	4.891186	-8.375235
C	-8.348078	4.891186	8.375235
C	-4.891186	-8.375235	-8.348078
C	-4.891186	-8.375235	8.348078
C	-4.891186	8.375235	-8.348078
C	-4.891186	8.375235	8.348078
C	-8.375235	-8.348078	-4.891186
C	-8.375235	-8.348078	4.891186
C	-8.375235	8.348078	-4.891186
C	-8.375235	8.348078	4.891186
C	8.375235	-8.348078	-4.891186
C	8.375235	-8.348078	4.891186
C	8.375235	8.348078	-4.891186
C	8.375235	8.348078	4.891186
C	4.891186	-8.375235	-8.348078
C	4.891186	-8.375235	8.348078
C	4.891186	8.375235	-8.348078
C	4.891184	8.375235	8.348081
C	8.348078	-4.891186	-8.375235
C	8.348078	-4.891186	8.375235
C	8.348078	4.891186	-8.375235
C	-8.348078	-4.891186	-8.375235
C	-6.344703	-4.509316	11.440492
C	-6.344703	4.509316	-11.440492
C	-6.344703	4.509316	11.440492
C	-4.509316	-11.440492	-6.344703
C	-4.509316	-11.440492	6.344703
C	-4.509316	11.440492	-6.344703
C	-4.509316	11.440492	6.344703
C	-11.440492	-6.344703	-4.509316
C	-11.440492	-6.344703	4.509316
C	-11.440492	6.344703	-4.509316
C	-11.440492	6.344703	4.509316
C	11.440492	-6.344703	-4.509316
C	11.440492	-6.344703	4.509316
C	11.440492	6.344703	-4.509316
C	11.440492	6.344703	4.509316
C	4.509316	-11.440492	-6.344703
C	4.509316	-11.440492	6.344703
C	4.509316	11.440492	-6.344703
C	4.509316	11.440492	6.344703
C	6.344703	-4.509316	-11.440492
C	6.344703	-4.509316	11.440492
C	6.344703	4.509316	-11.440492
C	-6.344703	-4.509316	-11.440492
C	-4.553659	-6.330201	11.407245
C	-4.553659	6.330201	-11.407245
C	-4.553659	6.330201	11.407245
C	-6.330201	-11.407245	-4.553659
C	-6.330201	-11.407245	4.553659
C	-6.330201	11.407245	-4.553659
C	-6.330201	11.407245	4.553659
C	-11.407245	-4.553659	-6.330201
C	-11.407245	-4.553659	6.330201
C	-11.407245	4.553659	-6.330201
C	-11.407245	4.553659	6.330201
C	11.407245	-4.553659	-6.330201
C	11.407245	-4.553659	6.330201
C	11.407245	4.553659	-6.330201
C	11.407241	4.553663	6.330201
C	6.330201	-11.407245	-4.553659
C	6.330201	-11.407245	4.553659
C	6.330201	11.407245	-4.553659
C	6.330201	11.407245	4.553659
C	4.553659	-6.330201	-11.407245
C	4.553659	-6.330201	11.407245
C	4.553659	6.330201	-11.407245
C	-4.553659	-6.330201	-11.407245
C	-5.130335	-5.112267	13.271786
C	-5.130335	5.112267	-13.271786
C	-5.130335	5.112267	13.271786
C	-5.112267	-13.271786	-5.130335
C	-5.112267	-13.271786	5.130335
C	-5.112267	13.271786	-5.130335
C	-5.112267	13.271786	5.130335
C	-13.271786	-5.130335	-5.112267
C	-13.271786	-5.130335	5.112267
C	-13.271786	5.130335	-5.112267
C	-13.271786	5.130335	5.112267
C	13.271786	-5.130335	-5.112267
C	13.271786	-5.130335	5.112267
C	13.271786	5.130335	-5.112267
C	13.271786	5.130335	5.112267
C	5.112267	-13.271786	-5.130335
C	5.112267	-13.271786	5.130335
C	5.112267	13.271786	-5.130335
C	5.112267	13.271786	5.130335
C	5.130335	-5.112267	-13.271786
C	5.130335	-5.112267	13.271786
C	5.130335	5.112267	-13.271786
C	-5.130335	-5.112267	-13.271786
C	-9.949388	-3.095831	8.172879
C	-9.949388	3.095831	-8.172879
C	-9.949388	3.095831	8.172879
C	-3.095831	-8.172879	-9.949388
C	-3.095831	-8.172879	9.949388
C	-3.095831	8.172879	-9.949388
C	-3.095831	8.172879	9.949388
C	-8.172879	-9.949388	-3.095831
C	-8.172879	-9.949388	3.095831
C	-8.172879	9.949388	-3.095831
C	-8.172879	9.949388	3.095831
C	8.172879	-9.949388	-3.095831
C	8.172879	-9.949388	3.095831
C	8.172879	9.949388	-3.095831
C	8.172879	9.949388	3.095831
C	3.095831	-8.172879	-9.949388
C	3.095831	-8.172879	9.949388
C	3.095831	8.172879	-9.949388
C	3.095828	8.172879	9.949391
C	9.949388	-3.095831	-8.172879
C	9.949388	-3.095831	8.172879
C	9.949388	3.095831	-8.172879
C	-9.949388	-3.095831	-8.172879
C	-8.158360	-3.062583	9.993774
C	-8.158360	3.062583	-9.993774
C	-8.158360	3.062583	9.993774
C	-3.062583	-9.993774	-8.158360
C	-3.062583	-9.993774	8.158360
C	-3.062583	9.993774	-8.158360
C	-3.062583	9.993774	8.158360
C	-9.993774	-8.158360	-3.062583
C	-9.993774	-8.158360	3.062583
C	-9.993774	8.158360	-3.062583
C	-9.993774	8.158360	3.062583
C	9.993774	-8.158360	-3.062583
C	9.993774	-8.158360	3.062583
C	9.993774	8.158360	-3.062583
C	9.993774	8.158360	3.062583
C	3.062583	-9.993774	-8.158360
C	3.062583	-9.993774	8.158360
C	3.062583	9.993774	-8.158360
C	3.062583	9.993774	8.158360
C	8.158360	-3.062583	-9.993774
C	8.158360	-3.062583	9.993774
C	8.158360	3.062583	-9.993774
C	-8.158360	-3.062583	-9.993774
C	-9.372731	-1.231313	9.390867
C	-9.372731	1.231313	-9.390867
C	-9.372731	1.231313	9.390867
C	-1.231313	-9.390867	-9.372731
C	-1.231313	-9.390867	9.372731
C	-1.231313	9.390867	-9.372731
C	-1.231313	9.390867	9.372731
C	-9.390867	-9.372731	-1.231313
C	-9.390867	-9.372731	1.231313
C	-9.390867	9.372731	-1.231313
C	-9.390867	9.372731	1.231313
C	9.390867	-9.372731	-1.231313
C	9.390867	-9.372731	1.231313
C	9.390867	9.372731	-1.231313
C	9.390867	9.372731	1.231313
C	1.231313	-9.390867	-9.372731
C	1.231313	-9.390867	9.372731
C	1.231313	9.390867	-9.372731
C	1.231313	9.390867	9.372731
C	9.372731	-1.231313	-9.390867
C	9.372731	-1.231313	9.390867
C	9.372731	1.231313	-9.390867
C	-9.372731	-1.231313	-9.390867
C	-1.552109	-7.055819	13.874431
C	-1.552109	7.055819	-13.874431
C	-1.552109	7.055819	13.874431
C	-7.055819	-13.874431	-1.552109
C	-7.055819	-13.874431	1.552109
C	-7.055819	13.874431	-1.552109
C	-7.055819	13.874431	1.552109
C	-13.874431	-1.552109	-7.055819
C	-13.874431	-1.552109	7.055819
C	-13.874431	1.552109	-7.055819
C	-13.874431	1.552109	7.055819
C	13.874431	-1.552109	-7.055819
C	13.874431	-1.552109	7.055819
C	13.874431	1.552109	-7.055819
C	13.874429	1.552111	7.055819
C	7.055819	-13.874431	-1.552109
C	7.055819	-13.874431	1.552109
C	7.055819	13.874431	-1.552109
C	7.055819	13.874431	1.552109
C	1.552109	-7.055819	-13.874431
C	1.552109	-7.055819	13.874431
C	1.552109	7.055819	-13.874431
C	-1.552109	-7.055819	-13.874431
C	-4.026863	-5.932019	13.883423
C	-4.026863	5.932019	-13.883423
C	-4.026863	5.932019	13.883423
C	-5.932019	-13.883423	-4.026863
C	-5.932019	-13.883423	4.026863
C	-5.932019	13.883423	-4.026863
C	-5.932019	13.883423	4.026863
C	-13.883423	-4.026863	-5.932019
C	-13.883423	-4.026863	5.932019
C	-13.883423	4.026863	-5.932019
C	-13.883423	4.026863	5.932019
C	13.883423	-4.026863	-5.932019
C	13.883423	-4.026863	5.932019
C	13.883423	4.026863	-5.932019
C	13.883423	4.026863	5.932019
C	5.932019	-13.883423	-4.026863
C	5.932019	-13.883423	4.026863
C	5.932019	13.883423	-4.026863
C	5.932019	13.883423	4.026863
C	4.026863	-5.932019	-13.883423
C	4.026863	-5.932019	13.883423
C	4.026863	5.932019	-13.883423
C	-4.026863	-5.932019	-13.883423
C	-3.281715	-6.857546	12.011769
C	-3.281715	6.857546	-12.011769
C	-3.281715	6.857546	12.011769
C	-6.857546	-12.011769	-3.281715
C	-6.857546	-12.011769	3.281715
C	-6.857546	12.011769	-3.281715
C	-6.857546	12.011769	3.281715
C	-12.011769	-3.281715	-6.857546
C	-12.011769	-3.281715	6.857546
C	-12.011769	3.281715	-6.857546
C	-12.011769	3.281715	6.857546
C	12.011769	-3.281715	-6.857546
C	12.011769	-3.281715	6.857546
C	12.011769	3.281715	-6.857546
C	12.011762	3.281721	6.857546
C	6.857546	-12.011769	-3.281715
C	6.857546	-12.011769	3.281715
C	6.857546	12.011769	-3.281715
C	6.857546	12.011769	3.281715
C	3.281715	-6.857546	-12.011769
C	3.281715	-6.857546	12.011769
C	3.281715	6.857546	-12.011769
C	-3.281715	-6.857546	-12.011769
C	-5.943617	-4.006570	13.891433
C	-5.943617	4.006570	-13.891433
C	-5.943617	4.006570	13.891433
C	-4.006570	-13.891433	-5.943617
C	-4.006570	-13.891433	5.943617
C	-4.006570	13.891433	-5.943617
C	-4.006570	13.891433	5.943617
C	-13.891433	-5.943617	-4.006570
C	-13.891433	-5.943617	4.006570
C	-13.891433	5.943617	-4.006570
C	-13.891433	5.943617	4.006570
C	13.891433	-5.943617	-4.006570
C	13.891433	-5.943617	4.006570
C	13.891433	5.943617	-4.006570
C	13.891433	5.943617	4.006570
C	4.006570	-13.891433	-5.943617
C	4.006570	-13.891433	5.943617
C	4.006570	13.891433	-5.943617
C	4.006570	13.891433	5.943617
C	5.943617	-4.006570	-13.891433
C	5.943617	-4.006570	13.891433
C	5.943617	4.006570	-13.891433
C	-5.943617	-4.006570	-13.891433
C	-7.057699	-1.526997	13.893578
C	-7.057699	1.526997	-13.893578
C	-7.057699	1.526997	13.893578
C	-1.526997	-13.893578	-7.057699
C	-1.526997	-13.893578	7.057699
C	-1.526997	13.893578	-7.057699
C	-1.526997	13.893578	7.057699
C	-13.893578	-7.057699	-1.526997
C	-13.893578	-7.057699	1.526997
C	-13.893578	7.057699	-1.526997
C	-13.893578	7.057699	1.526997
C	13.893578	-7.057699	-1.526997
C	13.893578	-7.057699	1.526997
C	13.893578	7.057699	-1.526997
C	13.893578	7.057699	1.526997
C	1.526997	-13.893578	-7.057699
C	1.526997	-13.893578	7.057699
C	1.526997	13.893578	-7.057699
C	1.526997	13.893578	7.057699
C	7.057699	-1.526997	-13.893578
C	7.057699	-1.526997	13.893578
C	7.057699	1.526997	-13.893578
C	-7.057699	-1.526997	-13.893578
C	-6.861299	-3.228987	12.064163
C	-6.861299	3.228987	-12.064163
C	-6.861299	3.228987	12.064163
C	-3.228987	-12.064163	-6.861299
C	-3.228987	-12.064163	6.861299
C	-3.228987	12.064163	-6.861299
C	-3.228987	12.064163	6.861299
C	-12.064163	-6.861299	-3.228987
C	-12.064163	-6.861299	3.228987
C	-12.064163	6.861299	-3.228987
C	-12.064163	6.861299	3.228987
C	12.064163	-6.861299	-3.228987
C	12.064163	-6.861299	3.228987
C	12.064163	6.861299	-3.228987
C	12.064163	6.861299	3.228987
C	3.228987	-12.064163	-6.861299
C	3.228987	-12.064163	6.861299
C	3.228987	12.064163	-6.861299
C	3.228987	12.064163	6.861299
C	6.861299	-3.228987	-12.064163
C	6.861299	-3.228987	12.064163
C	6.861299	3.228987	-12.064163
C	-6.861299	-3.228987	-12.064163
C	-4.980805	-6.724190	10.189685
C	-4.980805	6.724190	-10.189685
C	-4.980805	6.724190	10.189685
C	-6.724190	-10.189685	-4.980805
C	-6.724190	-10.189685	4.980805
C	-6.724190	10.189685	-4.980805
C	-6.724190	10.189685	4.980805
C	-10.189685	-4.980805	-6.724190
C	-10.189685	-4.980805	6.724190
C	-10.189685	4.980805	-6.724190
C	-10.189685	4.980805	6.724190
C	10.189685	-4.980805	-6.724190
C	10.189685	-4.980805	6.724190
C	10.189685	4.980805	-6.724190
C	10.189679	4.980811	6.724190
C	6.724190	-10.189685	-4.980805
C	6.724190	-10.189685	4.980805
C	6.724190	10.189685	-4.980805
C	6.724190	10.189685	4.980805
C	4.980805	-6.724190	-10.189685
C	4.980805	-6.724190	10.189685
C	4.980805	6.724190	-10.189685
C	-4.980805	-6.724190	-10.189685
C	-7.251511	-4.340763	10.162284
C	-7.251511	4.340763	-10.162284
C	-7.251511	4.340763	10.162284
C	-4.340763	-10.162284	-7.251511
C	-4.340763	-10.162284	7.251511
C	-4.340763	10.162284	-7.251511
C	-4.340763	10.162284	7.251511
C	-10.162284	-7.251511	-4.340763
C	-10.162284	-7.251511	4.340763
C	-10.162284	7.251511	-4.340763
C	-10.162284	7.251511	4.340763
C	10.162284	-7.251511	-4.340763
C	10.162284	-7.251511	4.340763
C	10.162284	7.251511	-4.340763
C	10.162284	7.251511	4.340763
C	4.340763	-10.162284	-7.251511
C	4.340763	-10.162284	7.251511
C	4.340763	10.162284	-7.251511
C	4.340763	10.162284	7.251511
C	7.251511	-4.340763	-10.162284
C	7.251511	-4.340763	10.162284
C	7.251511	4.340763	-10.162284
C	-7.251511	-4.340763	-10.162284
C	-6.671563	-6.655180	8.427874
C	-6.671563	6.655180	-8.427874
C	-6.671563	6.655180	8.427874
C	-6.655180	-8.427874	-6.671563
C	-6.655180	-8.427874	6.671563
C	-6.655180	8.427874	-6.671563
C	-6.655180	8.427874	6.671563
C	-8.427874	-6.671563	-6.655180
C	-8.427874	-6.671563	6.655180
C	-8.427874	6.671563	-6.655180
C	-8.427874	6.671563	6.655180
C	8.427874	-6.671563	-6.655180
C	8.427874	-6.671563	6.655180
C	8.427874	6.671563	-6.655180
C	8.427871	6.671566	6.655180
C	6.655180	-8.427874	-6.671563
C	6.655180	-8.427874	6.671563
C	6.655180	8.427874	-6.671563
C	6.655180	8.427874	6.671563
C	6.671563	-6.655180	-8.427874
C	6.671563	-6.655180	8.427874
C	6.671563	6.655180	-8.427874
C	-6.671563	-6.655180	-8.427874
C	-7.445364	-0.609504	12.976097
C	-7.445364	0.609504	-12.976097
C	-7.445364	0.609504	12.976097
C	-0.609504	-12.976097	-7.445364
C	-0.609504	-12.976097	7.445364
C	-0.609504	12.976097	-7.445364
C	-0.609504	12.976097	7.445364
C	-12.976097	-7.445364	-0.609504
C	-12.976097	-7.445364	0.609504
C	-12.976097	7.445364	-0.609504
C	-12.976097	7.445364	0.609504
C	12.976097	-7.445364	-0.609504
C	12.976097	-7.445364	0.609504
C	12.976097	7.445364	-0.609504
C	12.976097	7.445364	0.609504
C	0.609504	-12.976097	-7.445364
C	0.609504	-12.976097	7.445364
C	0.609504	12.976097	-7.445364
C	0.609504	12.976097	7.445364
C	7.445364	-0.609504	-12.976097
C	7.445364	-0.609504	12.976097
C	7.445364	0.609504	-12.976097
C	-7.445364	-0.609504	-12.976097
C	-8.559442	-0.611654	10.496553
C	-8.559442	0.611654	-10.496553
C	-8.559442	0.611654	10.496553
C	-0.611654	-10.496553	-8.559442
C	-0.611654	-10.496553	8.559442
C	-0.611654	10.496553	-8.559442
C	-0.611654	10.496553	8.559442
C	-10.496553	-8.559442	-0.611654
C	-10.496553	-8.559442	0.611654
C	-10.496553	8.559442	-0.611654
C	-10.496553	8.559442	0.611654
C	10.496553	-8.559442	-0.611654
C	10.496553	-8.559442	0.611654
C	10.496553	8.559442	-0.611654
C	10.496553	8.559442	0.611654
C	0.611654	-10.496553	-8.559442
C	0.611654	-10.496553	8.559442
C	0.611654	10.496553	-8.559442
C	0.611654	10.496553	8.559442
C	8.559442	-0.611654	-10.496553
C	8.559442	-0.611654	10.496553
C	8.559442	0.611654	-10.496553
C	-8.559442	-0.611654	-10.496553
C	-7.641788	-2.438931	11.274128
C	-7.641788	2.438931	-11.274128
C	-7.641788	2.438931	11.274128
C	-2.438931	-11.274128	-7.641788
C	-2.438931	-11.274128	7.641788
C	-2.438931	11.274128	-7.641788
C	-2.438931	11.274128	7.641788
C	-11.274128	-7.641788	-2.438931
C	-11.274128	-7.641788	2.438931
C	-11.274128	7.641788	-2.438931
C	-11.274128	7.641788	2.438931
C	11.274128	-7.641788	-2.438931
C	11.274128	-7.641788	2.438931
C	11.274128	7.641788	-2.438931
C	11.274128	7.641788	2.438931
C	2.438931	-11.274128	-7.641788
C	2.438931	-11.274128	7.641788
C	2.438931	11.274128	-7.641788
C	2.438931	11.274128	7.641788
C	7.641788	-2.438931	-11.274128
C	7.641788	-2.438931	11.274128
C	7.641788	2.438931	-11.274128
C	-7.641788	-2.438931	-11.274128
C	-10.476172	-0.619659	8.571081
C	-10.476172	0.619659	-8.571081
C	-10.476172	0.619659	8.571081
C	-0.619659	-8.571081	-10.476172
C	-0.619659	-8.571081	10.476172
C	-0.619659	8.571081	-10.476172
C	-0.619659	8.571081	10.476172
C	-8.571081	-10.476172	-0.619659
C	-8.571081	-10.476172	0.619659
C	-8.571081	10.476172	-0.619659
C	-8.571081	10.476172	0.619659
C	8.571081	-10.476172	-0.619659
C	8.571081	-10.476172	0.619659
C	8.571081	10.476172	-0.619659
C	8.571081	10.476172	0.619659
C	0.619659	-8.571081	-10.476172
C	0.619659	-8.571081	10.476172
C	0.619659	8.571081	-10.476172
C	0.619659	8.571081	10.476172
C	10.476172	-0.619659	-8.571081
C	10.476172	-0.619659	8.571081
C	10.476172	0.619659	-8.571081
C	-10.476172	-0.619659	-8.571081
C	12.950945	0.628641	7.447256
C	-12.950948	-0.628638	7.447256
C	-12.950948	0.628638	-7.447256
C	-12.950948	0.628638	7.447256
C	-0.628638	-7.447256	-12.950948
C	-0.628638	-7.447256	12.950948
C	-0.628638	7.447256	-12.950948
C	-0.628638	7.447256	12.950948
C	-7.447256	-12.950948	-0.628638
C	-7.447256	-12.950948	0.628638
C	-7.447256	12.950948	-0.628638
C	-7.447256	12.950948	0.628638
C	7.447256	-12.950948	-0.628638
C	7.447256	-12.950948	0.628638
C	7.447256	12.950948	-0.628638
C	7.447256	12.950948	0.628638
C	0.628638	-7.447256	-12.950948
C	0.628638	-7.447256	12.950948
C	0.628638	7.447256	-12.950948
C	0.628636	7.447256	12.950950
C	12.950948	-0.628638	-7.447256
C	12.950948	-0.628638	7.447256
C	12.950948	0.628638	-7.447256
C	-12.950948	-0.628638	-7.447256
C	11.221349	2.491320	7.645546
C	-11.221356	-2.491314	7.645546
C	-11.221356	2.491314	-7.645546
C	-11.221356	2.491314	7.645546
C	-2.491314	-7.645546	-11.221356
C	-2.491314	-7.645546	11.221356
C	-2.491314	7.645546	-11.221356
C	-2.491314	7.645546	11.221356
C	-7.645546	-11.221356	-2.491314
C	-7.645546	-11.221356	2.491314
C	-7.645546	11.221356	-2.491314
C	-7.645546	11.221356	2.491314
C	7.645546	-11.221356	-2.491314
C	7.645546	-11.221356	2.491314
C	7.645546	11.221356	-2.491314
C	7.645546	11.221356	2.491314
C	2.491314	-7.645546	-11.221356
C	2.491314	-7.645546	11.221356
C	2.491314	7.645546	-11.221356
C	2.491307	7.645546	11.221362
C	11.221356	-2.491314	-7.645546
C	11.221356	-2.491314	7.645546
C	11.221356	2.491314	-7.645546
C	-11.221356	-2.491314	-7.645546
C	-7.251511	-4.943813	9.559251
C	-7.251511	4.943813	-9.559251
C	-7.251511	4.943813	9.559251
C	-4.943813	-9.559251	-7.251511
C	-4.943813	-9.559251	7.251511
C	-4.943813	9.559251	-7.251511
C	-4.943813	9.559251	7.251511
C	-9.559251	-7.251511	-4.943813
C	-9.559251	-7.251511	4.943813
C	-9.559251	7.251511	-4.943813
C	-9.559251	7.251511	4.943813
C	9.559251	-7.251511	-4.943813
C	9.559251	-7.251511	4.943813
C	9.559251	7.251511	-4.943813
C	9.559251	7.251511	4.943813
C	4.943813	-9.559251	-7.251511
C	4.943813	-9.559251	7.251511
C	4.943813	9.559251	-7.251511
C	4.943813	9.559251	7.251511
C	7.251511	-4.943813	-9.559251
C	7.251511	-4.943813	9.559251
C	7.251511	4.943813	-9.559251
C	-7.251511	-4.943813	-9.559251
C	9.522234	4.313385	7.778868
C	-9.522241	-4.313379	7.778868
C	-9.522241	4.313379	-7.778868
C	-9.522241	4.313379	7.778868
C	-4.313379	-7.778868	-9.522241
C	-4.313379	-7.778868	9.522241
C	-4.313379	7.778868	-9.522241
C	-4.313379	7.778868	9.522241
C	-7.778868	-9.522241	-4.313379
C	-7.778868	-9.522241	4.313379
C	-7.778868	9.522241	-4.313379
C	-7.778868	9.522241	4.313379
C	7.778868	-9.522241	-4.313379
C	7.778868	-9.522241	4.313379
C	7.778868	9.522241	-4.313379
C	7.778868	9.522241	4.313379
C	4.313379	-7.778868	-9.522241
C	4.313379	-7.778868	9.522241
C	4.313379	7.778868	-9.522241
C	4.313372	7.778868	9.522247
C	9.522241	-4.313379	-7.778868
C	9.522241	-4.313379	7.778868
C	9.522241	4.313379	-7.778868
C	-9.522241	-4.313379	-7.778868
C	7.831504	6.075211	7.847902
C	-7.831507	-6.075208	7.847902
C	-7.831507	6.075208	-7.847902
C	-7.831507	6.075208	7.847902
C	-6.075208	-7.847902	-7.831507
C	-6.075208	-7.847902	7.831507
C	-6.075208	7.847902	-7.831507
C	-6.075208	7.847902	7.831507
C	-7.847902	-7.831507	-6.075208
C	-7.847902	-7.831507	6.075208
C	-7.847902	7.831507	-6.075208
C	-7.847902	7.831507	6.075208
C	7.847902	-7.831507	-6.075208
C	7.847902	-7.831507	6.075208
C	7.847902	7.831507	-6.075208
C	7.847902	7.831507	6.075208
C	6.075208	-7.847902	-7.831507
C	6.075208	-7.847902	7.831507
C	6.075208	7.847902	-7.831507
C	6.075206	7.847902	7.831509
C	7.831507	-6.075208	-7.847902
C	7.831507	-6.075208	7.847902
C	7.831507	6.075208	-7.847902
C	-7.831507	-6.075208	-7.847902
